#simdjson RapidJSON sajson
apache_builds	2.123	0.695	1.228
canada	1.036	0.51	0.8
citm_catalog	2.516	0.9129999999999999	1.2890000000000001
github_events	2.4419999999999997	0.743	1.104
gsoc-2018	2.984	0.986	1.288
instruments	1.989	0.691	1.128
marine_ik	0.884	0.45299999999999996	0.738
mesh	0.905	0.439	0.6890000000000001
mesh.pretty	1.3780000000000001	0.713	1.031
numbers	1.062	0.52	0.825
random	1.411	0.5	0.82
twitter	2.164	0.7040000000000001	1.0390000000000001
twitterescaped	1.107	0.605	0.838
update-center	1.76	0.5589999999999999	0.85
