#simdjson RapidJSON sajson
apache_builds	1.942	0.563	1.065
canada	0.894	0.428	0.682
citm_catalog	2.193	0.68	1.0859999999999999
github_events	2.113	0.602	1.0
gsoc-2018	2.61	0.772	1.153
instruments	1.7719999999999998	0.55	0.9470000000000001
marine_ik	0.8029999999999999	0.361	0.585
mesh	0.789	0.368	0.594
mesh.pretty	1.215	0.614	0.855
numbers	0.9540000000000001	0.45299999999999996	0.696
random	1.2409999999999999	0.406	0.742
twitter	1.925	0.573	0.917
twitterescaped	0.9640000000000001	0.491	0.769
update-center	1.5330000000000001	0.446	0.7879999999999999
